9
3
hide
1 1 1 1 1 1 1 1 1
1 1 1 1 1 1 1 1 0
1 1 1 1 1 1 1 0 0
1 1 1 1 1 1 0 0 0
1 1 1 1 1 0 0 0 0
1 1 1 1 0 0 0 0 0
1 1 1 0 0 0 0 0 1
1 1 0 0 0 0 0 1 1
1 0 0 0 0 0 1 1 1
run
1 1 1 0 0 0 1 1 1
1 1 1 0 0 0 1 1 1
1 1 1 0 0 0 1 1 1
1 1 1 0 1 0 1 1 1
1 1 1 0 1 0 1 1 1
1 1 1 0 1 0 1 1 1
1 1 1 0 0 0 1 1 1
1 1 1 0 0 0 1 1 1
1 1 1 0 0 0 1 1 1
eat
0 0 0 0 0 0 0 0 0
1 1 1 1 0 1 1 1 1
1 1 1 0 1 0 1 1 1
1 1 0 1 1 1 0 1 1
1 0 1 1 1 1 1 0 1
1 1 0 1 1 1 0 1 1
1 1 1 0 1 0 1 1 1
1 1 1 1 0 1 1 1 1
1 1 1 1 1 1 1 1 1
hide
0 0 0 0 1 0 0 0 0
0 1 1 1 1 1 1 1 0
0 1 1 1 1 1 1 1 0
0 1 1 1 0 1 1 1 0
1 1 1 0 0 0 1 1 1
0 1 1 1 0 1 1 1 0
0 1 1 1 1 1 1 1 0
0 1 1 1 1 1 1 1 0
0 0 0 0 1 0 0 0 0